296 410
201 276
197 296
199 319
202 341
210 358
223 374
237 390
255 402
274 411
359 274
357 292
355 310
350 325
342 340
334 355
327 368
319 383
312 399
266 282
267 274
247 275
255 280
277 282
263 272
286 280
269 265
257 266
279 269
239 256
255 254
270 254
284 259
298 263
254 249
270 249
284 253
264 363
304 379
285 367
276 372
288 378
312 365
318 369
311 375
303 367
323 363
307 365
300 357
280 362
287 366
314 356
320 358
316 364
308 359
300 277
292 319
301 339
315 341
320 277
325 318
324 336
285 334
330 330
322 330
340 282
338 273
322 279
329 280
348 278
332 271
350 273
339 264
329 268
346 265
330 263
340 261
347 259
355 256
359 255
339 256
347 252
355 251
