113 298
64 197
61 211
59 224
58 238
59 252
64 265
72 276
83 286
96 294
173 220
170 233
166 245
164 257
159 268
153 277
147 285
137 293
126 298
99 209
100 205
89 203
93 206
106 209
100 204
112 210
102 201
95 200
108 204
81 196
91 196
101 197
111 199
120 200
90 190
102 191
112 193
94 262
116 271
106 265
101 266
108 269
127 268
131 271
123 272
117 267
138 268
118 266
113 262
104 262
107 263
123 264
131 265
128 267
118 264
121 211
112 232
113 248
122 250
134 214
135 235
130 251
105 242
137 247
127 239
151 219
151 215
138 215
144 217
157 219
151 214
161 219
152 211
146 212
157 214
141 204
151 207
159 210
166 213
170 216
152 202
160 203
168 208
